  2.81575016E+01    1.57461754E+01    1.73558706E+01    1.29744674E+01    3.00149615E+01    1.15957313E+01  
  1.57461754E+01    2.71525078E+01    2.67234896E+01    2.52221993E+01    2.29517574E+01    2.82704151E+01  
  1.73558706E+01    2.67234896E+01    2.65843905E+01    2.42637222E+01    2.40644120E+01    2.69932771E+01  
  1.29744674E+01    2.52221993E+01    2.42637222E+01    2.63949605E+01    2.05362596E+01    2.85198992E+01  
  3.00149615E+01    2.29517574E+01    2.40644120E+01    2.05362596E+01    3.43137528E+01    2.02849781E+01  
  1.15957313E+01    2.82704151E+01    2.69932771E+01    2.85198992E+01    2.02849781E+01    3.26078720E+01  
  3.51731076E+01    3.36668612E+01    2.18357460E+01    2.40622395E+01    1.75042042E+01    1.85300189E+01    3.66752699E+01    1.75715678E+01  
  3.36668612E+01    3.26064772E+01    1.84610355E+01    2.08529310E+01    1.44015852E+01    1.54494212E+01    3.46602310E+01    1.42539886E+01  
  2.18357460E+01    1.84610355E+01    3.48598675E+01    3.51808099E+01    3.26235869E+01    3.34871180E+01    2.68482165E+01    3.72076373E+01  
  2.40622395E+01    2.08529310E+01    3.51808099E+01    3.59317488E+01    3.26696405E+01    3.37580886E+01    2.89686156E+01    3.76151451E+01  
  1.75042042E+01    1.44015852E+01    3.26235869E+01    3.26696405E+01    3.87013801E+01    3.95396638E+01    2.31835231E+01    4.11592658E+01  
  1.85300189E+01    1.54494212E+01    3.34871180E+01    3.37580886E+01    3.95396638E+01    4.05434677E+01    2.43038368E+01    4.24927119E+01  
  3.66752699E+01    3.46602310E+01    2.68482165E+01    2.89686156E+01    2.31835231E+01    2.43038368E+01    3.91113653E+01    2.39852007E+01  
  1.75715678E+01    1.42539886E+01    3.72076373E+01    3.76151451E+01    4.11592658E+01    4.24927119E+01    2.39852007E+01    4.77398957E+01  
