  2.67407858E+01    1.54024848E+01    1.69667613E+01    1.28196220E+01    2.85676593E+01    1.14766408E+01  
  1.54024848E+01    2.64550366E+01    2.61435118E+01    2.48629782E+01    2.23750324E+01    2.77105608E+01  
  1.69667613E+01    2.61435118E+01    2.60917006E+01    2.40716104E+01    2.35096758E+01    2.66497490E+01  
  1.28196220E+01    2.48629782E+01    2.40716104E+01    2.62689812E+01    2.01877118E+01    2.84464263E+01  
  2.85676593E+01    2.23750324E+01    2.35096758E+01    2.01877118E+01    3.27198464E+01    1.99045155E+01  
  1.14766408E+01    2.77105608E+01    2.66497490E+01    2.84464263E+01    1.99045155E+01    3.25424580E+01  
  3.34853397E+01    3.22155009E+01    2.12897560E+01    2.34766237E+01    1.70799939E+01    1.79631486E+01    3.50035391E+01    1.66588727E+01  
  3.22155009E+01    3.13260798E+01    1.85600527E+01    2.09639964E+01    1.48960546E+01    1.58839398E+01    3.33481560E+01    1.46424692E+01  
  2.12897560E+01    1.85600527E+01    3.45934174E+01    3.54630860E+01    3.31908912E+01    3.41844492E+01    2.65014847E+01    3.71472357E+01  
  2.34766237E+01    2.09639964E+01    3.54630860E+01    3.70047100E+01    3.45400094E+01    3.59948225E+01    2.87598993E+01    3.98993793E+01  
  1.70799939E+01    1.48960546E+01    3.31908912E+01    3.45400094E+01    4.07062685E+01    4.21961095E+01    2.31813423E+01    4.46934195E+01  
  1.79631486E+01    1.58839398E+01    3.41844492E+01    3.59948225E+01    4.21961095E+01    4.40741333E+01    2.42448605E+01    4.77549901E+01  
  3.50035391E+01    3.33481560E+01    2.65014847E+01    2.87598993E+01    2.31813423E+01    2.42448605E+01    3.75394586E+01    2.36005977E+01  
  1.66588727E+01    1.46424692E+01    3.71472357E+01    3.98993793E+01    4.46934195E+01    4.77549901E+01    2.36005977E+01    5.90120656E+01  
